Handles  NPM(K)    PM(K)      WS(K)     CPU(s)     Id  SI ProcessName                                                  
-------  ------    -----      -----     ------     --  -- -----------                                                  
    404      32    77972      59276     117,50   5684  11 msedge                                                       
    329      29    99996     137384     107,05   8388  11 msedge                                                       
   2747     104    85216     117040      83,59   8476  11 explorer                                                     
   1793     109   100144     197236      69,73   7452  11 msedge                                                       
    491      17     4544      15152      13,34   5112  11 ctfmon                                                       
    382      25    21432      44164      12,02   9460  11 msedge                                                       
    604      34    88864       4056       9,94   8556  11 msedge                                                       
   1496      51    68156      50468       7,41   8004  11 browser                                                      
   1092      85   104788       9784       5,36   2400  11 SearchApp                                                    
    586      19     6548      21600       4,09   9056  11 sihost                                                       





